0.6522208199999999 389.03463021240236   441.5112418701172
0.7530510300000001 137.41649929199218   168.0629947052002
0.77186712 121.13222206115722   149.57918894805908
0.7782965850000001 114.85492853240967   142.02784129180907
0.6522208199999999 389.0346302062988   441.51124185180663
0.7534058299999999 137.78499019927978   168.57233527679443
0.7721675000000001 121.11293136444091   149.60443843994142
0.77824143 114.84769479522706   142.02868985290527
0.7820205550000001 109.80296969909668   135.91074387664796
0.7868600899999999 105.07850088500976   130.47615315093995
0.7921657650000001 100.44232560729981   125.35189044189453
0.7972456749999999 95.87273266296387   120.41967406921387
0.803071675 91.37881403198242   115.74929912719726
0.808574285 86.96576169433594   111.16554858703613
0.81320407 82.61049666137696   106.52852929077149
0.8174273000000002 78.38421072387695   101.94339252929687
0.82123496 74.2546958404541   97.39117299194336
0.825205955 70.21064273681641   92.90461693725585
0.8295214799999999 66.32099928283691   88.55193455810547
0.8344388 62.582228674316404   84.37200210266113
0.840252315 58.97344257202148   80.36593404541016
0.84679427 55.483023260498044   76.51469495544434
0.8534487649999999 52.14839896240235   72.80730189208984
0.8599288700000001 48.96725214538574   69.22178326721192
0.866067065 45.960989993286134   65.7744256225586
0.87167856 43.123605026245116   62.4417744140625
0.8768282000000001 40.44763626403809   59.250592419433595
0.88126975 37.955042114257814   56.19898191833496
0.885197425 35.620017715454104   53.2959961151123
0.8883214249999999 33.44249921875   50.51728678283691
0.8906716750000001 31.41329619140625   47.86387719726562
0.8923353549999999 29.530868713378908   45.34002939453125
0.89334647 27.794031857299803   42.95672646789551
0.8937950549999998 26.18209525756836   40.70088110351563
0.8935901799999999 24.697641177368165   38.5737356628418
0.893081515 23.32108232421875   36.570048184204104
0.89246483 22.033428912353514   34.683898944091794
0.891871485 20.819764294433593   32.89761070251465
0.89131264 19.6798986328125   31.210596832275392
0.890933335 18.602993829345703   29.614882208251952
0.890540045 17.588555346679687   28.103635424804686
0.890290055 16.631659466552733   26.67265412902832
0.89017656 15.73048208618164   25.324083847045898
0.890136775 14.880610705566406   24.050391207885742
0.890165955 14.083881341552734   22.85231819152832
0.8901652150000001 13.339434783935546   21.728541052246094
0.89014865 12.643002221679687   20.675445092773437
0.8902290400000001 11.990706280517578   19.687939288330078
