413.52032525939944   463.6054220031738
173.09879857940675   209.28258471984864
163.09943549957276   200.54370127563476
157.92970746154785   197.00093441009523
152.96428711242675   192.91886217193604
148.12670598144533   188.95841323394777
142.83307463378907   185.26224495391847
137.03520817871095   181.09653381347655
130.9177760986328   176.18754018554688
124.60282214508057   170.94170715637208
118.27619244842529   165.40135371398927
111.99514417266846   159.56940545043946
105.84722926635742   153.6797124847412
99.8762036605835   147.89835115966798
94.16882907104493   142.2458292816162
88.76179457092285   136.68706577453614
83.61221702575683   131.16448444519042
78.69510167236328   125.69678225708007
74.05436246337891   120.33850985717774
69.67091139526367   115.1993416229248
65.55638782653809   110.26654319763183
61.69684495239258   105.54527305908204
58.017416497802735   100.96071216430664
54.527697946166995   96.5943746887207
51.33366846618652   92.43138850097657
48.35874939575195   88.44493555297852
45.597649493408206   84.6610704925537
43.01439757385254   81.05449432983399
40.60604412841797   77.65471761779786
38.349379510498046   74.43049804992675
36.23717352294922   71.33208846435546
34.255922875976566   68.3696696685791
32.37341451416015   65.53582470092773
30.5850765625   62.78666499938965
28.91501961669922   60.08571068115234
27.358507635498047   57.39209059448242
25.90676067504883   54.72012951660156
24.548371380615233   52.092567553710936
23.266091302490235   49.53193095092774
22.057219262695313   47.0627682434082
20.918418572998046   44.68266677246094
19.836109368896484   42.374145422363284
18.80689490356445   40.159335107421875
17.82810675048828   38.03022376098633
16.897246923828124   35.99509378662109
16.00841945800781   34.05793529052735
15.16133104248047   32.21430684814453
14.355867071533202   30.46445505371094
13.593520043945313   28.813250927734376
12.873670697021485   27.26245521850586
12.190617144775391   25.807617150878905
413.52032525939944   463.6054220031738
172.94225921173097   209.1515428604126
162.90571860656738   200.31360330810546
157.8256737762451   196.86710247039795
152.94855546875   192.88630570220948
147.98051991271973   188.75432922058104
142.74525571289064   185.12943295440675
136.95742880554198   180.9496464416504
130.82795510864258   176.0203551010132
124.49572263183593   170.7548565170288
118.20550555725097   165.28051881256104
111.92030678710937   159.4419290237427
105.76245169830322   153.53009436187745
99.80896067810059   147.78089415283202
94.10385266113282   142.1284120513916
88.70153202819824   136.5729910522461
83.56316866760254   131.0767349700928
78.65702469177246   125.63088475646973
74.02252589416504   120.27645206604004
69.64511734619141   115.14813974609375
65.52720477600097   110.20309971008301
61.66376080322266   105.47086378173829
57.985839645385745   100.88816829833985
54.50347251586914   96.5361958251953
51.31448123779297   92.38395469665528
48.344399270629886   88.4082653930664
45.581635876464844   84.6217702178955
42.99952877807617   81.0184813079834
40.59486363830566   77.62876094360351
38.33973751220703   74.4089892578125
36.22468854370117   71.3048190246582
34.24729803466797   68.35198310546875
32.36339250488281   65.51526592712402
30.580875521850587   62.7777106262207
28.908406384277345   60.071721075439456
27.3523900390625   57.3785809753418
25.90375047607422   54.71210536499024
24.54219071044922   52.077703704833986
23.25883106689453   49.51511151123047
22.05330070800781   47.050904248046876
20.914018109130858   44.669503454589844
19.829846673583983   42.35761361083984
18.802491552734374   40.1445697631836
17.82364914550781   38.01464301147461
16.89342445678711   35.97934873046875
16.003944635009766   34.04064013671875
15.157908221435546   32.19877025756836
14.354807147216796   30.452698986816408
13.592286877441406   28.801221575927734
12.872733459472656   27.251446185302733
12.190645672607422   25.798097991943358
413.52032525939944   463.6054220031738
413.52032525939944   463.6054220031738
0.6964262349999999 413.52032525939944   463.60542196655274
0.6964262349999999 413.52032525939944   463.6054220031738
0.77739499 172.54669847106933   208.80378794555665
0.8003463550000001 162.81619519958497   200.2497689956665
0.820760605 157.6774265838623   196.6953724899292
0.8371376500000001 152.8624228149414   192.7789887069702
0.851767325 148.0172550567627   188.83303072052001
0.86629504 142.68253393859862   185.0433326019287
0.87886072 136.9024435028076   180.8934955383301
0.889014355 130.82152545166016   176.0569784225464
0.8981843899999999 124.45411734466553   170.72813923950196
0.9064420550000001 118.14647533721924   165.22499265441894
0.913881235 111.86854712524413   159.390033203125
0.9208994750000001 105.7231777923584   153.51336034698485
0.9275931300000001 99.77796802978516   147.78351354370116
0.933678565 94.07070388641357   142.12302499389648
0.9389872499999998 88.66972072601318   136.56836321411132
0.9437458550000001 83.5316082824707   131.06283330688476
0.9480447049999999 78.62838190612793   125.61750379028321
0.951944365 73.99715708312988   120.26267237548828
0.95549283 69.62317853698731   115.13536576538085
0.958581945 65.51625263671875   110.20904739990235
0.961285135 61.65306340942383   105.47747632751465
0.9636037600000001 57.97590421447754   100.89355781860351
0.9656508500000001 54.49562183837891   96.54689010009766
0.96710292 51.30962920227051   92.40143795166016
0.968168655 48.33394755554199   88.4136173980713
0.9689186200000001 45.575360174560544   84.63448449401855
0.969505495 42.991198443603515   81.02551513671875
0.9699589999999999 40.58469898071289   77.63178082580566
0.9703010649999999 38.32995361633301   74.41235007019043
0.970578435 36.21700510864258   71.30964922485352
0.97072092 34.237960089111326   68.34998377685547
0.97076498 32.35617678222656   65.51391101074219
0.97073387 30.571424526977538   62.76906422729492
0.970493865 28.90138919067383   60.06545904541016
0.9700584750000002 27.348123699951174   57.37555960693359
0.969479075 25.89632858886719   54.70244302368164
0.6964262349999999 413.52032525939944   463.6054220031738
0.7761495600000001 172.60102789764403   208.6487091079712
