
378.4515388183594   750.3158258802625
302.51759533691404   639.9276258070204
251.29944592285156   565.5643346252441
221.39949523925782   522.429278266059
203.1080164794922   496.6294702284071
191.13586511230469   479.59712490844726
182.26161248779297   466.9980860934787
175.5498482055664   457.50232279459635
169.9909518432617   449.36010139973956
165.56554516601562   442.84371375189886
161.44769573974608   436.5081161058214
158.09865161132814   431.3695653008355
154.99084771728516   426.39786848280164
152.2872950439453   422.03881469726565
149.752748046875   417.7413257073296
147.49678540039062   413.9976787109375
145.41883355712892   410.43805678982204
143.4771258544922   407.09603273179795
141.71086560058595   404.0127465040419
139.97496533203125   400.9278715379503
138.34020245361327   397.9652325744629
136.87225494384765   395.2861637234158
135.49006872558593   392.77031982760957
134.14069921875   390.25766793823243
132.86623107910157   387.8994696316189
131.7117144165039   385.68648395114474
130.4886904296875   383.3085045403375
129.33916229248047   381.02262530178496
128.31321881103514   379.00199111938474
127.21982080078125   376.77470187038847
126.27290771484375   374.8457349412706
125.2852677001953   372.79570847913953
124.38358935546874   370.9182746412489
123.47779840087891   368.9818599310981
122.62847143554687   367.15292301093206
121.78887536621093   365.32481605699326
120.97501104736328   363.54879265679256
120.18735302734375   361.7833771870931
119.40559313964843   360.00090606011287
118.66522564697266   358.3064609442817
117.94779864501953   356.63100358751086
117.21635961914062   354.90599266899955
116.53720489501953   353.2718342929416
115.83933984375   351.59164799669054
115.1721689453125   349.96760626559785
114.54240307617188   348.38110865275064
113.89500903320312   346.7498595377604
113.28521539306641   345.18937906561956
112.66798315429688   343.6108177558051
112.08007458496094   342.05095030381943
111.51222473144531   340.55482292344834
