0.65590298 413.52032470703125 90.87931823730469 458.9599914550781 0.6001 0.4563 413.5203306121826 456.2164786895752
0.770696875 157.7283477783203 32.44614791870117 173.951416015625 0.7091 0.6765 157.72834198303224 190.03582597808838
0.65590298 413.52032470703125 90.87931823730469 458.9599914550781 0.6001 0.4563 413.5203306121826 456.21647870178225
0.777309795 152.87095642089844 30.337114334106445 168.03952026367188 0.7172 0.6884 152.8709497619629 184.31925765686034
0.65590298 413.52032470703125 90.87931823730469 458.9599914550781 0.6001 0.4563 413.5203306121826 456.2164786895752
0.7832909299999999 148.06405639648438 28.33770179748535 162.23291015625 0.72255 0.6949 148.06405719299318 178.7560235092163
0.791581195 142.76419067382812 26.65631103515625 156.09234619140625 0.72965 0.7043 142.76417776794435 173.34526901397706
0.801708795 136.98207092285156 25.313302993774414 149.6387176513672 0.73785 0.7205 136.982082723999 167.9129161743164
0.8126926350000001 130.8685760498047 24.17647933959961 142.95681762695312 0.74595 0.7386 130.86856381835938 162.27595803985596
0.8247718100000001 124.54965209960938 23.14607048034668 136.1226806640625 0.7559 0.7599 124.54964733734131 156.60521258239746
0.8367090499999998 118.21818542480469 22.122270584106445 129.27932739257812 0.7673 0.7813 118.21818340148926 150.86190993652343
0.8481973249999999 111.93998718261719 21.11543083190918 122.4977035522461 0.778 0.8037 111.93998826599122 145.05734205322267
0.85904016 105.8083267211914 20.15300750732422 115.88482666015625 0.7881 0.8243 105.80832653808594 139.32366584320067
0.8691320699999999 99.81697845458984 19.2139835357666 109.4239730834961 0.7984 0.8429 99.8169804321289 133.63932940673828
0.87822208 94.12079620361328 18.290111541748047 103.26585388183594 0.8062 0.8579 94.12080250854493 128.12754290771485
0.88607778 88.7115478515625 17.40657615661621 97.41483306884766 0.8129 0.8692 88.71154653320312 122.72474220581054
0.893110015 83.55453491210938 16.557058334350586 91.83306121826172 0.8165 0.88 83.55453531188965 117.42865602416992
0.89963853 78.64637756347656 15.756449699401855 86.52460479736328 0.82045 0.8882 78.64638243408203 112.29921386413574
0.9056654550000001 74.01029968261719 14.966463088989258 81.4935302734375 0.82465 0.8972 74.01030172424316 107.32313595275879
0.91107293 69.6290512084961 14.201120376586914 76.7296142578125 0.82695 0.9036 69.62904715270996 102.52003112792968
0.915765665 65.50933837890625 13.440482139587402 72.22957611083984 0.8304 0.91 65.5093385559082 97.86297487182617
0.919842395 61.65578842163086 12.688577651977539 68.00007629394531 0.83335 0.9145 61.65578240661621 93.37930977783203
0.9234175450000001 57.98030090332031 11.976394653320312 63.96849822998047 0.8354 0.9176 57.98030561828613 89.01308145751953
0.9265900250000001 54.49628829956055 11.311123847961426 60.151851654052734 0.8377 0.9203 54.496289770507815 84.82388902282715
0.92863643 51.29975509643555 10.684210777282715 56.64186096191406 0.83915 0.922 51.29975530395508 80.79247250976563
0.930040755 48.33323287963867 10.100251197814941 53.383358001708984 0.8396 0.9234 48.33323483581543 76.94365522766114
0.93082981 45.56755447387695 9.546615600585938 50.34086227416992 0.84015 0.9217 45.56755634155274 73.2447021911621
0.93137154 42.984615325927734 9.02031135559082 47.49477005004883 0.83975 0.9208 42.9846184173584 69.70801235656738
0.931590725 40.57651901245117 8.518586158752441 44.835811614990234 0.83845 0.9193 40.576520040893556 66.33330678100586
0.931624475 38.31712341308594 8.044096946716309 42.33917236328125 0.83775 0.9188 38.3171188293457 63.08868445739746
0.931554015 36.21089553833008 7.590879917144775 40.0063362121582 0.8373 0.9186 36.210892462158206 59.996367343139646
0.9312193950000001 34.235511779785156 7.177363872528076 37.82419204711914 0.83705 0.9171 34.235513958740235 57.03477007751465
0.930827945 32.3530387878418 6.800224304199219 35.753150939941406 0.83675 0.9148 32.35303601684571 54.20212279968262
0.930436955 30.568918228149414 6.454537391662598 33.79618835449219 0.8373 0.9146 30.568922579956055 51.503846783447266
0.9297644350000001 28.898712158203125 6.13520622253418 31.96631622314453 0.8366 0.9143 28.898712298583984 48.91935506591797
0.9288152049999999 27.34202766418457 5.833414554595947 30.25873565673828 0.83435 0.9118 27.34202865600586 46.43600224609375
0.9276728349999999 25.89044761657715 5.541553497314453 28.661224365234375 0.8325 0.9088 25.890449682617188 44.059826306152345
0.92645848 24.530424118041992 5.2647905349731445 27.162818908691406 0.83195 0.9075 24.530422033691405 41.78949528808594
0.925046865 23.248523712158203 5.008408069610596 25.752727508544922 0.832 0.9056 23.248523901367186 39.62421038818359
0.9234725149999999 22.041122436523438 4.763819694519043 24.423032760620117 0.83095 0.9029 22.041120806884766 37.56435102539063
0.921987465 20.905675888061523 4.5328779220581055 23.172115325927734 0.8294 0.8997 20.905676031494142 35.612455621337894
0.9207277 19.82224464416504 4.312176704406738 21.97833251953125 0.82865 0.897 19.82224338378906 33.74301168212891
0.91959506 18.79239273071289 4.105010032653809 20.844898223876953 0.82825 0.8949 18.792392840576174 31.962625793457033
0.91844501 17.815542221069336 3.908430337905884 19.769758224487305 0.8278 0.8929 17.815541973876954 30.259270892333983
0.9171613450000001 16.884273529052734 3.720188617706299 18.744367599487305 0.82635 0.8898 16.884273559570314 28.624690100097656
0.91588698 15.995104789733887 3.538137674331665 17.76417350769043 0.82545 0.8864 15.995104974365235 27.06890776977539
0.91462797 15.148241996765137 3.3645436763763428 16.83051300048828 0.8243 0.8842 15.14824224243164 25.58883239135742
0.91336394 14.345524787902832 3.1994693279266357 15.945259094238281 0.82435 0.8829 14.345524237060546 24.1895591796875
0.912196315 13.584285736083984 3.043566942214966 15.106069564819336 0.8243 0.8817 13.584285760498046 22.871616870117187
0.91102603 12.863694190979004 2.893310308456421 14.310349464416504 0.82345 0.8799 12.863693939208984 21.631404064941407
0.9099451999999999 12.180668830871582 2.7500574588775635 13.555697441101074 0.8227 0.8773 12.180668078613282 20.467768420410156
