0.65590298 413.52032470703125 90.87931823730469 458.9599914550781 0.6001 0.4563 413.5203306121826 456.2164786895752
0.74396505 234.16323852539062 51.85194396972656 260.0892028808594 0.68435 0.628 234.1632267288208 279.5048718383789
0.844851275 189.76324462890625 44.04597473144531 211.78622436523438 0.77265 0.7873 189.76324383544923 258.4608866821289
0.9307387800000001 133.7138214111328 35.43684387207031 151.4322509765625 0.85615 0.9186 133.71381803894042 229.10501777648926
0.9528861350000001 78.06953430175781 26.34972381591797 91.24440002441406 0.885 0.9368 78.0695344329834 164.5770955078125
0.9564860099999999 50.40617370605469 23.441312789916992 62.1268310546875 0.89865 0.9178 50.40617470703125 120.9976790939331
0.956205425 36.2209358215332 24.332115173339844 48.386993408203125 0.89815 0.8733 36.22093532409668 93.83420783386231
0.954587085 26.859586715698242 25.20102882385254 39.46010208129883 0.8772 0.805 26.859586672973634 71.69657100982666
0.9560815299999998 20.864486694335938 25.837038040161133 33.78300476074219 0.85235 0.7413 20.864486492919923 58.263215321350096
0.956099015 16.333269119262695 23.173686981201172 27.92011260986328 0.83075 0.6893 16.333270751953126 45.54660327758789
0.9602261099999999 13.743057250976562 23.150829315185547 25.318471908569336 0.81725 0.6572 13.74305728149414 40.361637469482424
0.962031335 11.728790283203125 21.446992874145508 22.452285766601562 0.80505 0.6302 11.728790774536133 34.95690044250488
0.9638438149999999 10.039482116699219 18.740928649902344 19.40994644165039 0.8011 0.6209 10.039481878662109 30.19480769958496
0.9671384150000001 9.064316749572754 19.36458969116211 18.746612548828125 0.7901 0.5968 9.064317190551758 28.60981030883789
0.968666805 8.121092796325684 17.839750289916992 17.04096794128418 0.78685 0.5899 8.121093222045898 25.943962881469727
0.96959492 7.279264450073242 15.939456939697266 15.248992919921875 0.7857 0.587 7.279264767456055 23.06801801147461
0.97138786 6.667953968048096 16.064619064331055 14.700263977050781 0.77235 0.5582 6.667954052734375 21.430194702148437
0.97425556 6.293070316314697 17.104019165039062 14.84507942199707 0.76565 0.5439 6.293070269775391 21.492005877685546
0.975338335 5.835255146026611 16.575756072998047 14.123132705688477 0.7608 0.5331 5.835255157470703 20.187528314208983
0.976795595 5.47191858291626 17.949169158935547 14.446502685546875 0.7405 0.4914 5.4719187316894535 19.537140020751952
0.9778546100000001 5.159100532531738 18.222002029418945 14.270101547241211 0.7288 0.4674 5.159100994873047 18.565722772216798
0.9790820050000001 4.901912689208984 18.533315658569336 14.168570518493652 0.7236 0.4569 4.901913061523437 18.150130572509767
0.97980819 4.589109897613525 18.110549926757812 13.644384384155273 0.7122 0.4332 4.589109777832031 16.76845337524414
0.98117969 4.448904991149902 19.98716926574707 14.442489624023438 0.698 0.404 4.448904949951172 17.029317272949218
0.9823620000000001 4.312525272369385 21.601003646850586 15.113027572631836 0.6862 0.3796 4.312525402832032 17.19052373046875
0.9829292199999999 4.124038219451904 21.82014274597168 15.034109115600586 0.6762 0.3588 4.12403818359375 16.519393908691406
0.98326069 3.8702967166900635 20.201801300048828 13.971197128295898 0.673 0.3521 3.8702968078613282 15.028686871337891
0.984123175 3.782263994216919 22.55500602722168 15.05976676940918 0.65645 0.3182 3.7822641418457033 15.289510583496094
0.98456512 3.622696876525879 23.359676361083984 15.302535057067871 0.63955 0.284 3.6226966857910154 14.474272064208984
0.985176505 3.562731981277466 25.41340446472168 16.269433975219727 0.62865 0.2616 3.5627320251464845 14.765871466064453
0.985659255 3.499946117401123 26.04574203491211 16.522817611694336 0.6285 0.2612 3.499946350097656 15.00473515625
0.9859736000000001 3.425323724746704 27.49694061279297 17.17379379272461 0.6183 0.2403 3.4253238708496094 14.98879155883789
0.9861177550000001 3.2742385864257812 26.409452438354492 16.478965759277344 0.61535 0.234 3.274238641357422 13.959503845214844
0.9863272000000001 3.1884303092956543 26.452394485473633 16.414627075195312 0.6155 0.2343 3.1884303771972657 14.026496313476562
0.98629188 3.0694007873535156 25.44437026977539 15.791585922241211 0.61375 0.2308 3.0694009155273436 13.267548626708985
0.9865725999999999 2.9898805618286133 25.271764755249023 15.625762939453125 0.6155 0.2342 2.989880792236328 13.316730505371094
0.9869997100000001 2.965008020401001 26.577102661132812 16.253559112548828 0.6133 0.2298 2.9650081665039063 13.911469244384765
0.986638315 2.811678886413574 23.67646026611328 14.649909019470215 0.61715 0.2376 2.811678887939453 12.696060150146485
0.987239875 2.829246997833252 25.768529891967773 15.713512420654297 0.6162 0.2358 2.829247186279297 13.856102825927735
0.9869460700000001 2.6734557151794434 22.160167694091797 13.7535400390625 0.62425 0.2519 2.673455718994141 12.504293481445313
0.986809315 2.628662109375 23.319835662841797 14.288579940795898 0.61265 0.2286 2.6286622009277343 12.386407153320313
0.9869585999999999 2.500974178314209 20.634859085083008 12.818403244018555 0.62235 0.248 2.5009742004394533 11.647446661376954
0.987536295 2.4612233638763428 20.306232452392578 12.614339828491211 0.63345 0.2707 2.461223516845703 12.452823724365235
0.987483025 2.377666711807251 19.70836067199707 12.231846809387207 0.62795 0.2592 2.3776666870117187 11.706938842773438
0.9873323300000001 2.2414424419403076 16.540821075439453 10.511853218078613 0.64165 0.2869 2.241442449951172 10.7742423828125
0.9872331699999999 2.1498308181762695 15.21960163116455 9.759632110595703 0.64455 0.2925 2.1498309143066408 10.223941424560547
0.987498595 2.086390256881714 14.451196670532227 9.311988830566406 0.65015 0.3038 2.08639033203125 10.162231567382813
0.98802036 2.0310170650482178 13.11823558807373 8.590134620666504 0.67175 0.3476 2.0310170837402346 10.579652923583984
