0.652220795 389.03460693359375 108.4813461303711 443.2752685546875 0.5956 0.4591 389.03463795166016 441.5112406524658
0.753387565 137.65460205078125 33.31956481933594 154.31439208984375 0.67965 0.6155 137.654600730896 168.39793955993653
0.7721474849999999 121.01216125488281 27.753456115722656 134.88888549804688 0.69905 0.6569 121.01216452178956 149.4704541748047
0.77824878 114.84455871582031 25.916881561279297 127.8030014038086 0.70745 0.6747 114.84455628814698 142.0183937850952
0.781949075 109.83503723144531 24.702774047851562 122.1864242553711 0.71255 0.6868 109.83503579711915 135.9350054458618
0.7868103350000001 105.10415649414062 23.700092315673828 116.9542007446289 0.7173 0.6971 105.10416620178222 130.4919068649292
0.79206834 100.50127410888672 22.818635940551758 111.91059112548828 0.7218 0.7082 100.50128063659668 125.40536959533691
0.797239895 95.92902374267578 22.0478572845459 106.95294952392578 0.72795 0.7165 95.9290234741211 120.47844222869873
0.8030354649999999 91.41112518310547 21.35812759399414 102.0901870727539 0.73605 0.729 91.41112624816894 115.77563275146484
0.8084104950000002 86.9548568725586 20.687698364257812 97.2987060546875 0.74215 0.738 86.95485378723144 111.1261767578125
0.8131098800000001 82.62203216552734 20.00436782836914 92.62421417236328 0.7467 0.7461 82.62203517456055 106.52628797302246
0.817341375 78.3978042602539 19.293174743652344 88.04438781738281 0.7502 0.7512 78.39780097961426 101.94538867797851
0.82109833 74.25342559814453 18.556472778320312 83.53166198730469 0.75255 0.7534 74.2534215423584 97.36987769470215
0.82510158 70.22843170166016 17.813282012939453 79.13507080078125 0.75515 0.7567 70.2284360900879 92.9124737915039
0.8294154199999999 66.33097076416016 17.034725189208984 74.84833526611328 0.76185 0.7652 66.33098163146973 88.550455178833
0.83434383 62.58124923706055 16.247848510742188 70.70516967773438 0.76835 0.7756 62.58125076904297 84.35876663208008
0.840161845 58.971866607666016 15.450757026672363 66.6972427368164 0.7736 0.7854 58.97186507873535 80.3534042755127
0.846726675 55.48798751831055 14.648589134216309 62.81228256225586 0.78105 0.7983 55.487988095092774 76.51412921447753
0.8533870699999999 52.153079986572266 13.850255966186523 59.078208923339844 0.7885 0.8101 52.15308224182129 72.80771589660644
0.8598830550000001 48.967254638671875 13.05579948425293 55.495155334472656 0.79565 0.8223 48.967255535888675 69.21774484558105
0.8660213900000001 45.95556640625 12.277716636657715 52.094425201416016 0.80025 0.8317 45.95556904907227 65.763372265625
0.8716604699999999 43.122066497802734 11.511263847351074 48.8776969909668 0.80595 0.84 43.1220701171875 62.43952010498047
0.876823495 40.446800231933594 10.77336311340332 45.83348083496094 0.81125 0.8475 40.44679784240723 59.25066969604492
0.88127595 37.95048904418945 10.066092491149902 42.98353576660156 0.81395 0.8515 37.95049020385742 56.19506911315918
0.885213755 35.613624572753906 9.396136283874512 40.31169128417969 0.8173 0.8563 35.61362501831055 53.29040963745117
0.8883407150000001 33.43458557128906 8.77000904083252 37.8195915222168 0.8198 0.8604 33.43458561096191 50.509969317626954
0.8907045600000001 31.40641212463379 8.188446998596191 35.50063705444336 0.8223 0.862 31.40641157531738 47.85884645996094
0.892371755 29.524137496948242 7.6481804847717285 33.348228454589844 0.8228 0.8609 29.524138766479492 45.33504817199707
0.8933859949999998 27.787418365478516 7.15554141998291 31.365188598632812 0.82455 0.8598 27.787418423461915 42.9514685546875
0.8938459549999999 26.175989151000977 6.703066825866699 29.527523040771484 0.8243 0.8584 26.175989239501952 40.69677461853027
0.89363511 24.69133949279785 6.292009353637695 27.837345123291016 0.82365 0.8552 24.69134119567871 38.56865307617188
0.89313163 23.315067291259766 5.912684917449951 26.27140998840332 0.8223 0.851 23.3150681640625 36.56551019897461
0.89250852 22.026473999023438 5.5677571296691895 24.810352325439453 0.82135 0.8464 22.026475653076172 34.676858474731446
0.891916535 20.81427574157715 5.2521443367004395 23.44034767150879 0.8196 0.844 20.81427610473633 32.89272969055176
0.8913519299999999 19.673030853271484 4.96513032913208 22.155595779418945 0.8197 0.843 19.673030786132813 31.20286633300781
0.89097125 18.59562110900879 4.70839262008667 20.949817657470703 0.8189 0.8412 18.595620709228516 29.60606997680664
0.8905775149999999 17.580528259277344 4.4769158363342285 19.818986892700195 0.81865 0.8402 17.580527600097657 28.093441647338867
0.89033451 16.624502182006836 4.266526699066162 18.75776481628418 0.8183 0.8392 16.62450288696289 26.663917080688478
0.89021492 15.722929000854492 4.077584266662598 17.761720657348633 0.81875 0.8403 15.722929919433593 25.314148794555663
0.89017477 14.873096466064453 3.904797077178955 16.82549476623535 0.82025 0.8416 14.873096252441407 24.04045562133789
0.8902025200000001 14.077265739440918 3.743544101715088 15.949037551879883 0.8211 0.8422 14.077264733886718 22.84379611206055
0.890201325 13.332939147949219 3.5892333984375 15.127555847167969 0.82015 0.8411 13.332939868164063 21.72012435913086
0.890181415 12.636699676513672 3.4428436756134033 14.358121871948242 0.8202 0.8419 12.636700317382813 20.66722900390625
0.890261215 11.98373031616211 3.305229425430298 13.636344909667969 0.81895 0.8403 11.983730456542968 19.67852512207031
0.8904861500000001 11.370014190673828 3.175215005874634 12.957621574401855 0.81885 0.8396 11.37001376953125 18.749274597167968
0.890882215 10.791353225708008 3.0509414672851562 12.316823959350586 0.81845 0.8401 10.79135248413086 17.872297845458984
0.8914581849999998 10.24293041229248 2.931089401245117 11.708475112915039 0.81855 0.8406 10.242930200195312 17.040060455322266
0.8922997100000001 9.721619606018066 2.8167836666107178 11.130011558532715 0.8184 0.8404 9.721620178222656 16.254289965820313
0.893294465 9.227720260620117 2.7066473960876465 10.58104419708252 0.81985 0.8427 9.22772056274414 15.508747351074218
0.8943555950000001 8.761387825012207 2.6019270420074463 10.06235122680664 0.8204 0.8438 8.761388092041015 14.801064654541015
0.8954001249999999 8.323257446289062 2.5019047260284424 9.574210166931152 0.8221 0.8452 8.323258233642578 14.131601098632812
