0.652220795 389.03460693359375 108.4813461303711 443.2752685546875 0.5956 0.4591 389.03463795776366 441.51124066467287
0.7182281799999999 213.70199584960938 57.72309875488281 242.56353759765625 0.65295 0.5656 213.70200841674804 255.66105475769044
0.774248795 177.89077758789062 58.18655776977539 206.9840545654297 0.7017 0.647 177.89079008178712 233.24879363861083
0.84217487 112.94188690185547 47.64894104003906 136.766357421875 0.76635 0.744 112.94188529663086 181.87171249847412
0.89335924 63.886898040771484 32.434391021728516 80.10409545898438 0.82495 0.8205 63.886902590942384 132.10889414520264
0.9175988599999999 39.83622741699219 24.40670394897461 52.039581298828125 0.84505 0.83 39.836228167724606 104.57714671783447
0.9305467199999999 26.633930206298828 19.48080062866211 36.37432861328125 0.8593 0.8228 26.63393198852539 81.9060999786377
0.939260325 19.465612411499023 17.27164077758789 28.10143280029297 0.86115 0.8021 19.46561265258789 66.50369197845458
0.9443117050000001 14.854333877563477 15.94518756866455 22.826927185058594 0.85055 0.7641 14.85433489074707 51.61766038665772
0.9480466099999999 12.413375854492188 17.60394287109375 21.215347290039062 0.8288 0.7048 12.413376852416992 45.7543919342041
0.948712675 10.251765251159668 16.085498809814453 18.294513702392578 0.8138 0.6681 10.25176590270996 36.05356423645019
0.9501084000000001 8.750788688659668 14.907639503479004 16.204608917236328 0.8026 0.6411 8.750789907836914 30.57406746520996
0.9507694999999999 7.529006004333496 13.720634460449219 14.389323234558105 0.79105 0.6127 7.529006179809571 25.610995779418946
0.95294163 6.8058576583862305 15.496053695678711 14.553884506225586 0.7611 0.5474 6.805857247924805 24.546783419799805
0.9547219700000001 6.2486701011657715 17.695240020751953 15.096290588378906 0.72765 0.4755 6.248670166015625 23.91394891052246
0.955837265 5.678821563720703 19.108186721801758 15.232914924621582 0.69945 0.4155 5.678821441650391 22.18247387084961
0.9569781849999999 5.2831926345825195 22.118667602539062 16.342525482177734 0.66385 0.3403 5.283192846679688 21.596534341430665
0.95775437 4.909245014190674 24.40911293029785 17.113801956176758 0.6333 0.2772 4.909244970703125 20.823513385009765
0.9585665800000001 4.597126007080078 26.49658203125 17.845417022705078 0.61195 0.2331 4.597126098632812 20.490494598388672
0.9602127749999999 4.5875725746154785 37.47541809082031 23.325281143188477 0.5803 0.1675 4.58757265625 24.080075543212892
0.95960256 4.061439037322998 30.432594299316406 19.27773666381836 0.57735 0.1611 4.06143920288086 19.539562854003908
0.961249735 4.134530067443848 43.20567321777344 25.73736572265625 0.5596 0.1245 4.1345302185058594 24.778845306396484
0.9617795050000001 3.9379749298095703 45.57746505737305 26.726707458496094 0.5531 0.1111 3.9379749938964843 25.040290814208984
0.9621175900000001 3.684359312057495 44.0159797668457 25.69234848022461 0.5503 0.1055 3.684359655761719 23.904669372558594
0.963351745 3.7408885955810547 54.45069122314453 30.96623420715332 0.5459 0.096 3.7408885681152344 28.9717908203125
0.963221825 3.5179648399353027 52.38629913330078 29.71111488342285 0.54275 0.0896 3.51796513671875 27.92085642089844
0.9639516800000001 3.413097858428955 54.342769622802734 30.584482192993164 0.5419 0.0878 3.413098016357422 30.867614971923828
0.96386637 3.112464427947998 47.752254486083984 26.98859214782715 0.54015 0.0843 3.112464385986328 28.4074498046875
0.96396835 2.9723422527313232 48.349178314208984 27.146930694580078 0.53995 0.0838 2.9723424743652345 30.636966326904297
0.9644990050000001 2.865356683731079 50.68207931518555 28.206396102905273 0.536 0.0756 2.865356842041016 32.7843955871582
0.96457534 2.7345664501190186 51.95100784301758 28.71006965637207 0.5312 0.0657 2.734566571044922 33.82052243652344
0.9658476699999999 2.867253065109253 65.70227813720703 35.71839141845703 0.5291 0.0612 2.8672529357910155 47.49939465942383
0.9664918100000001 2.9108264446258545 74.47505187988281 40.148353576660156 0.5275 0.0574 2.9108265197753904 55.23402972412109
0.9665586100000001 2.725060224533081 70.83210754394531 38.14111328125 0.52665 0.0558 2.7250603759765624 55.26978458862305
0.96670333 2.8247127532958984 81.41059875488281 43.53001403808594 0.52585 0.0539 2.824712829589844 71.01072811889648
0.96586186 2.5966596603393555 74.96516418457031 40.07924270629883 0.52515 0.0526 2.596659796142578 64.50271069335938
0.967204355 2.982515573501587 98.3916244506836 52.17832946777344 0.52645 0.0547 2.9825158569335937 97.17696233520508
0.9662328900000001 2.70694637298584 88.5633316040039 46.98861312866211 0.5278 0.0574 2.7069463928222657 92.87002377929687
0.9656015099999999 2.472635507583618 78.4791030883789 41.712188720703125 0.5285 0.0586 2.4726355834960936 82.82065004882813
0.9651979749999999 2.3520281314849854 73.46776580810547 39.08591079711914 0.52905 0.0596 2.3520281616210936 78.78625641479492
0.965954365 2.585373878479004 89.46531677246094 47.318031311035156 0.5321 0.0656 2.58537373046875 112.08956065673829
0.9657791 2.2803635597229004 72.97171783447266 38.7662239074707 0.5333 0.0681 2.2803636840820314 99.64185203857421
0.964991315 2.0919058322906494 62.21877670288086 33.2012939453125 0.534 0.0697 2.0919058349609374 85.44462612304687
0.9658265149999999 2.0574254989624023 60.43486404418945 32.27485656738281 0.53735 0.0767 2.0574255676269533 100.82269371948242
0.96613295 1.9862563610076904 56.485206604003906 30.228858947753906 0.53985 0.0818 1.9862565185546874 102.79951171264648
0.9664549250000001 1.896649718284607 52.19865417480469 27.9959774017334 0.5427 0.0879 1.896649871826172 108.40772031860351
0.96550979 1.6841858625411987 40.20561981201172 21.78699493408203 0.54225 0.0871 1.6841860656738281 94.44718061523437
0.9659477750000001 1.6317429542541504 37.610469818115234 20.43697738647461 0.54745 0.0975 1.6317430114746094 103.0353314086914
0.96536511 1.4739173650741577 29.779443740844727 16.36363983154297 0.5503 0.1033 1.4739174377441406 96.81350173339844
0.9662436600000001 1.5668140649795532 34.75249481201172 18.94306182861328 0.5513 0.1051 1.566814031982422 115.35514468383789
0.9657281200000001 1.424583911895752 28.42546844482422 15.637317657470703 0.55205 0.1068 1.4245840515136718 103.41047427978516
